idx_in_chr,block_lb,block_ub,block_size
0,0,603,603
1,603,1779,1176
2,1779,2767,988
3,2767,3466,699
4,3466,4220,754
5,4220,4808,588
6,4808,5561,753
7,5561,6500,939
8,6500,7824,1324
